00000000000000000000000000000000000000000000000000000000000000000000000000000000000000000000000000000000000000
00000000000000000000000000000000000000000000000000000000000000000000000000000000000000000000000000000000000000
00000000000000000000000000000000000000000000000000000000000000000000000000000000000000000000000000000000000000
00000000000000000000000000000000000000000000000000000000000000000000000000000000000000000000000000000000000000
000000000000000000000000000000000000000000000000000000000000000000000000000000000000000000000000000000000000001
22200000000000000000000000000000000000000000000000000000000000000000000000000000000000000000000000000000000002222222
11122220000000000000000000000000000000000000000000000000000000000000000000000000000000000000000000000000002221111111222
111111122222220000000000000000000000000000000000000220000000000000022200000002222200000000000000000002222221111111111112222
1111111111111122222222202222222220000000000222222221122222222222222111222222211111222222222222222222211111111111111111111112222000000222222222222222222222220000000222222222222222222222222222222222222222222222222222222222
11111111111111111111111811111111188888888888111111111111111111111111111111111111111111111111111111111111111111111111111111111111888888111111111111111111110000000111111111111111111111111111111111111111111111111111111111111
1111111111111111111111111111111111188888881111111111111111111111111111111111111111111111111111111111111111111111111111111111111111111111111111111111110000001111111111111111111111111111111111111111111111111111111111111111
1111111111111111111111111111111111111111111111111111111111111111111111111111111111111111111111111111111111111111111111111111111111111111111111111111111000000111111111111111111111111111111111111111111111111111111111111111
1111111111111111111111111111111111111111111111111111111111111111111111111111111111111111111111111111111111111111111111111111111111111111111111111111111100000011111111111111111111111111111111111111111111111111111111111111
1111111111111111111111111111111111111111111111111111111111111111111111111111111111111111111111111111111111111111111111111111111111111111111111111111111111100000111111111111111111111111111111111111111111111111111111111111
1111111111111111111111111111111111111111111111111111111111111111111111111111111111111111111111111111111111111111111111111111111111111111111111111111111111100001111111111111111111111111111111111111111111111111111111111111
1111111111111111111111111111111111111111111111111111111111111111111111111111111111111111111111111111111111111111111111111111111111111111111111111111111111100111111111111111111111111111111111111111111111111111111111111111
1111111111111111111111111111111111111111111111111111111111111111111111111111111111111111111111111111111111111111111111111111111111111111111111111111111111111111111111111111111111111111111111111111111111111111111111111111